11111011010000000000
00000100101111110000
11000100100000001111
00111000001100001110
00000011010011101001
10000011001100010101
01111000000011010001
00100110110000110010
11000000011111000010
01011101101000100000
10010000010010111100
00001111000011000110
00100100111100001001
01100001000100111010
10101000100001100101
00011010010100010011
10010011101001001000
01001010011000101100
00110101000010000111
01010001110101000100
10001100000001101011
11001010100010011000
01010000001000110111
10101001001110100000
01110110110010000000
00001000111001010110
10010001011000101001
10110111100100000000
