11111111110000000000
00000000001111111111
11111000001111100000
11111000000000011111
00000111111111100000
00000111110000011111
11100111001100011000
11100000111100000111
11100000110011111000
10011100111100011000
00011111001100000111
00011111000011111000
00011000110011100111
11100111000011000110
01011010111100011000
00110001101010110101
00110001100101101011
00101001011011010011
00101001010110101110
11010001011001101100
00110110010101110100
11001001100101010101
00101110101001001101
11010110100010100011
11001110011010010100
11010001010110010011
00110110011010001011
11001001101010001011
00101110100110010011
11010110100110001100
11001110010101100010
00110001101011010110
00111001010110001101
00101001011001110011
10011010101000110110
01001001100101011110
01110100101000111010
00101001011111001100
00101110101001101100
10010011111001010001
01001001110110110100
01010101101101010001
10110010111110010000
10101111010110001000
01111100111001010000
11010110111101000000
