00011111100000011101
11001111100110000010
11100101000001100111
01000011101010110011
10100110101011010100
00111010111110100000
10111001001011001001
10110110010010010011
00001111011001011010
10010000111001100111
11001111010110100000
00101010000111100111
11111010100000111000
01010001111001000111
00110000100111111010
10001100101100110011
10101001110010001110
01111001010100010011
10011100010101110100
11001111000110001100
01101001101101010100
00010010111001010111
00011100111001000111
01100110110100001110
01011100001010101110
01010011010011110100
11111010001111000000
11001111000110010001
11000000011111011010
10010011001100101110
11010000100110011101
01110110001101001001
01001100110011101001
00100101011110001101
11110101111000100000
11001010001000111101
10000011110101101001
